84
91
96
67
jibvsfjk srinivas is bad boy @ @@@@@ @@@@@ @@@@@ 
44
84
58
100
70
96
62
75
86
55
90
96
53
62
92
45
66
100
56
56
84
37
91
61
48
100
95
54
55
91
85
40
60
57
47
41
49
39
62
41
53
76
39
53
96
40
55
53
71
94
91
37
71
66
55
36
92
57
65
69
42
44
41
66
50
52
98
56
68
40
84
81
39
94
49
84
69
74
39
96
38
68
86
80
47
92
78
90
74
60
93
97
63
35
71
88
98
76
38
58
45
54
63
41
56
59
36
65
66
44
98
75
82
91
53
61
53
45
60
73
61
36
38
81
40
87
77
67
52
97
100
60
50
44
68
65
54
100
59
48
80
51
44
86
64
56
57
80
69
65
74
62
83
67
96
100
98
83
67
50
90
93
49
66
53
93
84
35
45
41
63
56
97
36
62
48
56
82
82
77
56
86
45
54
63
52
74
56
39
94
54
45
54
71
91
98
36
89
95
37
58
56
48
66
80
69
58
47
60
97
59
59
69
95
40
88
85
100
88
37
70
70
41
72
88
45
59
46
97
98
73
43
52
79
74
85
59
67
69
93
94
87
40
57
49
61
74
73
83
80
51
43
86
70
59
66
76
88
55
81
50
79
45
84
40
42
45
38
80
80
59
45
59
97
98
38
47
67
55
85
46
39
58
98
72
61
90
90
78
76
87
92
77
49
85
35
35
91
39
55
38
56
79
77
35
82
52
46
64
55
47
56
38
100
72
86
50
83
35
93
41
43
96
42
54
45
75
69
93
77
97
61
98
61
35
55
51
89
90
52
68
86
100
62
85
57
90
66
85
68
60
39
57
66
86
48
83
94
47
44
45
76
61
38
41
41
92
38
41
66
49
76
75
77
65
74
64
99
89
66
98
35
95
83
86
49
84
83
67
37
98
66
49
55
85
49
88
75
39
53
56
76
72
86
57
37
40
59
39
100
51
64
100
92
55
55
82
66
82
69
37
81
57
71
48
58
52
50
41
76
79
83
52
50
43
80
97
68
48
53
70
64
66
53
71
79
87
41
78
43
93
68
63
44
96
93
100
36
100
65
55
68
50
47
72
99
63
70
88
60
53
44
51
81
62
37
57
68
52
68
99
74
48
62
60
38
67
73
91
76
79
73
74
61
41
51
66
87
51
84
63
56
45
84
88
66
64
89
50
89
90
93
52
74
59
81
100
62
51
66
45
77
52
79
74
98
86
97
38
44
87
57
48
85
42
91
88
83
80
61
79
63
42
56
47
39
39
47
36
83
66
97
76
85
54
85
92
45
63
89
99
80
82
61
45
62
92
48
84
65
77
97
39
81
37
46
59
100
62
50
63
53
48
73
66
59
80
40
91
37
83
41
40
63
42
96
98
75
55
59
60
98
36
69
63
84
75
38
85
95
88
62
97
37
42
83
67
94
85
89
68
81
62
92
41
59
50
90
100
94
38
96
99
90
81
83
97
75
49
90
63
100
96
94
86
86
65
75
60
96
84
99
71
79
52
79
38
89
61
36
43
94
41
80
53
52
39
43
75
65
89
65
63
53
43
64
58
74
76
72
48
63
41
97
89
58
73
97
73
91
90
84
76
97
64
66
70
94
87
70
100
75
46
49
97
81
95
70
79
98
64
94
64
91
83
80
75
96
68
56
58
51
68
45
97
83
70
71
94
40
75
97
66
98
74
43
56
85
94
40
50
37
83
57
51
44
55
45
79
61
39
96
54
66
62
78
94
85
76
59
39
42
82
54
54
60
50
74
88
77
45
84
48
35
82
39
91
87
49
44
41
69
86
98
69
81
49
78
78
45
82
73
46
65
69
97
91
41
92
62
54
46
86
40
90
78
91
71
60
52
80
43
91
83
98
60
99
40
66
71
70
81
39
86
48
66
37
91
73
77
48
94
57
86
66
84
55
45
37
80
59
87
79
97
38
84
38
89
70
93
42
97
100
57
75
44
70
52
56
76
91
53
86
43
66
58
39
37
47
84
74
83
74
53
61
48
92
91
65
58
86
70
50
40
62
41
88
70
98
65
66
41
47
54
47
50
91
69
44
99
90
87
38
55
94
35
60
48
79
37
86
56
42
50
50
50
95
57
75
87
70
99
97
36
51
90
63
36
67
45
40
79
86
42
80
87
97
40
58
94
80
48
63
78
57
61
52
84
64
44
83
60
75
94
72
88
95
88
44
62
85
68
84
37
38
63
66
74
51
37
59
54
54
40
50
76
51
98
40
36
81
92
48
54
78
67
67
77
73
91
77
69
60
92
94
